02 01
02 02
05 01
06 01
07 01
07 02
07 03
07 04
07 05
07 06
07 07
07 08
07 09
07 10
07 11
07 12
08 01
08 02
08 03
08 04
08 05
08 06
08 08
08 09
10 04
12 01
12 02
12 03
35 01
35 02
35 03
35 04
35 05
35 06
35 07
35 08
35 09
35 10
35 11
35 12
35 13
35 14
35 15
35 16
35 28
35 29
35 30
35 31
35 32
35 33
35 34
38 01
38 02
39 01
39 02
39 03
39 04
39 05
39 06
39 07
39 08
39 09
39 10
39 12
39 13
39 14
43 01
49 01
02 03
09 01
09 02
09 03
09 04
09 05
09 06
09 07
09 08
09 09
09 10
09 11
35 17
35 18
35 19
35 20
35 21
35 22
35 23
35 24
35 25
35 26